0.352598	
0.216996	1.087422	
0.292440	0.323465	7.797086	
2.610812	0.913640	1.460331	0.344397	
0.510610	5.128748	2.811070	0.773241	0.220223	
0.753729	1.090823	0.956820	12.012282	0.021022	10.123412	
2.838061	0.595013	0.884971	0.922298	0.707214	0.351856	0.713974	
0.239679	3.625577	7.108377	1.826237	0.481109	10.246488	0.839852	0.219310	
0.051496	0.102940	0.168735	0.024207	0.162795	0.087881	0.036973	0.004515	0.079975	
0.119849	0.316151	0.091984	0.018800	0.422679	0.648064	0.075035	0.016317	0.282195	2.225363	
0.443183	20.766910	3.194817	0.568138	0.132784	7.478955	4.176123	0.551523	1.415394	0.163276	0.207613	
0.460570	0.458210	0.398615	0.059146	0.765112	2.134261	0.313124	0.053192	0.340474	2.609469	4.476961	1.014674	
0.089411	0.056698	0.104720	0.027913	0.630095	0.094857	0.023275	0.034031	0.691151	0.491179	1.606618	0.077868	1.226530	
0.993370	0.419898	0.217106	0.273526	0.181230	0.729534	0.311152	0.192454	0.483200	0.040002	0.170402	0.376998	0.075002	0.057218	
6.108406	1.066008	5.182562	1.216396	5.236005	1.159086	0.763810	2.404073	0.924395	0.048875	0.084247	0.923997	0.260340	0.260617	1.208454	
1.992855	0.687262	2.181095	0.312299	2.276505	0.829879	0.551397	0.101409	0.480998	0.610331	0.198919	1.407257	1.292634	0.096955	0.648250	8.527249	
0.063159	0.855332	0.134012	0.099769	0.468450	0.329372	0.136731	0.169991	0.745868	0.056715	0.377293	0.137955	0.463394	2.343596	0.058650	0.211406	0.085948	
0.078057	0.341493	0.655744	0.241264	0.762740	0.302096	0.142491	0.040257	5.226086	0.092084	0.180292	0.311130	0.249838	8.141649	0.062812	0.267992	0.128044	3.047417	
1.339724	0.144916	0.125078	0.062854	1.481083	0.194081	0.225389	0.043663	0.090575	5.973306	0.993888	0.222252	0.964622	0.262045	0.207448	0.083450	1.544911	0.078358	0.105286	

0.123992	0.016529	0.017595	0.015784	0.019325	0.015552	0.015939	0.049573	0.014540	0.126555	0.167605	0.011083	0.037438	0.058363	0.028849	0.042324	0.049207	0.011962	0.037833	0.139953

//  A   R	N	D	C	Q	E	G	H	I	L	K	M	F	P	S	T	W	Y	V
//  Ala Arg	Asn	Asp	Cys	Gln	Glu	Gly	His	Ile	Leu	Lys	Met	Phe	Pro	Ser	Thr	Trp	Tyr	Val