 0.000100
 0.106000 0.000100
 0.437010 0.000100 4.526503
 0.000100 0.679437 0.077463 0.000100
 0.000100 1.820006 0.170185 0.000100 0.000100
 0.317888 0.011080 0.065626 4.651546 0.000100 0.041313
 0.356967 0.977653 0.246618 2.832542 0.831311 0.000100 2.601230
 0.000100 2.418240 2.603465 0.089546 0.707284 4.349294 0.000100 0.000100
 0.037974 0.057250 0.190888 0.000100 0.000100 0.000100 0.000100 0.000100 0.000100
 0.017761 0.028726 0.000100 0.000100 0.033781 0.350927 0.000100 0.000100 0.346829 0.824788
 0.000100 10.609832 0.492100 0.027093 0.038840 0.410970 0.943135 0.146872 0.000100 0.036917 0.000100
 0.000100 0.217960 0.000100 0.000100 0.000100 0.000100 0.000100 0.000100 0.000100 6.402425 1.955514 0.548159
 0.088276 0.000100 0.000100 0.000100 0.331082 0.000100 0.000100 0.000100 0.093836 0.206027 1.405408 0.000100 0.000100
 0.262629 0.062937 0.000100 0.052516 0.132764 0.254713 0.049733 0.000100 0.625976 0.000100 1.298871 0.000100 0.000100 0.000100
 1.516246 0.203853 7.525431 0.277952 1.747503 0.039637 0.000100 4.838213 0.024874 0.073352 0.316769 0.000100 0.000100 0.707600 2.727326
 10.029564 0.029540 0.720098 0.000100 0.000100 0.000100 0.002373 0.000100 0.000100 4.112737 0.000100 0.364690 1.344197 0.000100 0.877452 2.227508
 0.000100 0.000100 0.000100 0.000100 0.191813 0.000100 0.000100 0.000100 0.107306 0.000100 0.000100 0.000100 0.169888 1.565578 0.000100 0.000100 0.000100
 0.000100 0.062825 0.511243 0.493894 3.029361 0.107687 0.000100 0.000100 6.349811 0.000100 0.000100 0.000100 0.000100 6.431454 0.000100 0.130124 0.000100 2.568497
 5.047131 0.000100 0.000100 0.123377 0.000100 0.000100 0.139005 0.217851 0.000100 13.838835 0.186578 0.000100 3.149851 0.113346 0.050314 0.013326 0.312250 0.000100 0.234116

 0.042112 0.062928 0.047926 0.046605 0.024144 0.035298 0.065208 0.050644 0.023258 0.065719 0.117762 0.073542 0.027949 0.039301 0.026767 0.089989 0.059783 0.008093 0.026037 0.066934


//  A   R	N	D	C	Q	E	G	H	I	L	K	M	F	P	S	T	W	Y	V
//  Ala Arg	Asn	Asp	Cys	Gln	Glu	Gly	His	Ile	Leu	Lys	Met	Phe	Pro	Ser	Thr	Trp	Tyr	Val
