0.000100
0.026354 0.065870
0.607732 0.000100 6.353038
0.000100 0.121870 0.048218 0.000100
0.126187 1.433242 0.159799 0.000100 0.000100
0.532971 0.201812 0.155922 3.896059 0.000100 0.856788
0.727103 1.482892 0.442251 2.582370 0.066019 0.068422 2.055068
0.110166 1.927212 1.480354 0.205649 0.142569 4.822511 0.111414 0.000100
0.005000 0.102617 0.576791 0.057467 0.000100 0.000100 0.000100 0.000100 0.089285
0.000100 0.072144 0.000100 0.000100 0.000100 1.115453 0.000100 0.000100 0.411779 0.902952
0.063258 7.796546 1.044058 0.000100 0.000100 0.833561 2.340729 0.280359 0.000100 0.040325 0.000100
0.142111 0.249198 0.000100 0.000100 0.000100 0.314886 0.374436 0.000100 0.000100 4.876597 2.497102 1.198867
0.248502 0.000100 0.000100 0.057929 0.118203 0.000100 0.000100 0.000100 0.000100 0.744081 3.032639 0.000100 0.076164
0.363705 0.059501 0.000100 0.000100 0.000100 2.688115 0.115036 0.000100 1.817243 0.071090 4.933124 0.000100 0.000100 0.310624
0.853519 0.445237 5.685553 0.481486 0.086629 0.000100 0.027077 2.921536 0.694117 0.047929 0.679613 0.083160 0.000100 1.082809 7.968854
10.268545 0.053142 1.516428 0.203629 0.000100 0.377275 0.207799 0.048979 0.070146 4.605530 0.064138 0.484537 4.444102 0.000100 2.534107 2.677224
0.000100 0.000100 0.000100 0.000100 0.268831 0.643596 0.155619 0.294807 0.000100 0.000100 0.266000 0.000100 0.000100 0.932648 0.000100 0.205900 0.000100
0.000100 0.000100 0.393216 0.497270 0.903017 0.000100 0.000100 0.000100 6.534881 0.000100 0.000100 0.000100 0.000100 5.648911 0.039845 0.191822 0.053913 2.337695
7.494696 0.000100 0.000100 0.181494 0.000100 0.000100 0.250407 0.355939 0.023591 11.114627 0.427440 0.000100 4.482849 0.387792 0.130741 0.088145 0.570975 0.000100 0.234116
 
0.047983 0.060298 0.042009 0.041147 0.044932 0.029320 0.056159 0.062828 0.027416 0.064549 0.106994 0.066618 0.019652 0.034170 0.033202 0.087192 0.070409 0.008585 0.027287 0.069251

//  A   R	N	D	C	Q	E	G	H	I	L	K	M	F	P	S	T	W	Y	V
//  Ala Arg	Asn	Asp	Cys	Gln	Glu	Gly	His	Ile	Leu	Lys	Met	Phe	Pro	Ser	Thr	Trp	Tyr	Val
