 0.000100
 0.000100 0.000100
 0.459142 0.000100 3.916880
 0.000100 1.490674 0.000100 0.000100
 0.000100 2.048219 0.000100 0.000100 0.000100
 0.000100 0.000100 0.000100 7.173785 0.000100 0.362793
 0.167351 1.624188 0.631646 1.017601 0.000100 0.000100 1.215025
 0.000100 4.458219 3.678466 0.919062 0.000100 3.352593 0.000100 0.000100
 0.000100 0.000100 0.608199 0.000100 0.000100 0.000100 0.000100 0.000100 0.000100
 0.153615 0.588896 0.000100 0.000100 0.000100 1.110282 0.000100 0.000100 0.000100 0.694635
 0.000100 10.665773 1.343672 0.000100 0.000100 0.585155 0.869797 0.000100 0.000100 0.383499 0.000100
 0.000100 0.000100 0.000100 0.000100 0.119237 0.000100 0.000100 0.000100 0.000100 2.785917 3.137335 0.846224
 0.000100 0.000100 0.000100 0.000100 0.000100 0.000100 0.000100 0.000100 0.000100 0.748598 1.427847 0.000100 0.000100
 0.885097 0.000100 0.000100 0.000100 0.000100 0.000100 0.000100 0.000100 0.000100 0.000100 1.326322 0.000100 0.000100 0.000100
 2.457496 0.604281 8.212593 0.000100 0.454461 0.000100 0.000100 3.832858 0.000100 0.000100 0.519107 0.000100 0.000100 0.000100 2.370604
 6.195553 0.000100 0.872759 0.000100 0.000100 0.000100 0.000100 0.000100 0.000100 1.845352 0.000100 0.565753 0.000100 0.000100 0.848959 2.534001
 0.000100 0.000100 0.000100 0.000100 0.104769 0.000100 0.000100 0.759726 0.000100 0.000100 0.000100 0.000100 0.000100 0.239284 0.000100 0.000100 0.000100
 0.000100 0.000100 1.645612 0.000100 0.194147 0.000100 0.000100 0.000100 5.730563 0.000100 0.414497 0.000100 0.000100 7.297085 0.000100 0.410469 0.000100 1.536346
 2.299465 0.354804 0.260397 0.621145 0.112228 0.000100 0.413130 0.446992 0.000100 10.659736 0.187461 0.000100 2.955327 0.000100 0.000100 0.000100 0.512155 0.000100 0.234116
 
0.073309 0.050480 0.048892 0.049453 0.012346 0.033021 0.075636 0.070980 0.026191 0.055501 0.074023 0.079141 0.024341 0.043997 0.040522 0.077004 0.056032 0.018398 0.030257 0.060476

//  A   R	N	D	C	Q	E	G	H	I	L	K	M	F	P	S	T	W	Y	V
//  Ala Arg	Asn	Asp	Cys	Gln	Glu	Gly	His	Ile	Leu	Lys	Met	Phe	Pro	Ser	Thr	Trp	Tyr	Val
