0.5139370	
0.7807780	2.2110100	
0.3985550	0.5385500	3.8694500	
5.5831300	0.5559990	1.3028100	0.4944880	
0.9362480	1.6762700	1.8301000	0.6558470	0.5471660	
0.6223140	1.1289600	1.4756000	5.0208000	0.1667620	1.8216600
3.7051400	1.2115100	1.2700500	0.9099490	2.5239900	0.6990140	1.1097900	
0.4444860	1.6996900	2.7993900	0.9025050	1.0918600	2.5400300	0.3961960	0.5475320	
2.4907200	1.2686800	1.1841900	1.0829100	1.8004300	0.6217850	1.6785100	1.0725800	0.7655320	
1.9324900	0.8592640	1.0372200	0.6249040	2.1220600	0.8769700	1.0677400	1.1364400	0.8066080	9.1427200	
0.7555430	8.9405200	2.5649600	0.9172800	0.0826583	1.2688900	2.9719700	1.2370500	0.9748910	2.3652900	1.5178000	
2.7127800	1.5707200	2.0882500	1.3973200	1.6249600	3.9075200	1.5973400	1.7729700	1.1108400	6.9121800	7.5832200	2.2458000	
2.0314600	0.9821260	1.3882800	0.6327030	1.8262700	0.4818130	1.0207400	1.9136300	1.8327200	5.4506000	6.1859700	1.1400100	5.2475600	
1.1713300	0.9537300	1.3000600	0.9659520	0.8262060	0.8171450	1.2575000	1.2522000	1.0361500	1.6158100	1.0717700	1.8290200	0.7093520	1.7532800	
8.0914800	2.3764400	4.7629400	2.5900800	4.0817000	2.3677500	2.1567700	3.9314300	1.6875400	1.3852600	1.2670800	2.5542300	3.0932800	1.2163600	3.0917500	
2.3023200	1.2133700	2.9003000	1.2187000	3.9718400	1.1817500	1.1487300	1.2098600	0.9706650	2.4967300	1.7704400	1.5498200	3.0841500	1.2742700	1.1643700	8.5283000	
0.4911340	1.3526400	0.7412770	0.5771560	0.3220440	0.9613600	1.6970400	1.6389000	0.8426650	1.6891000	1.6070900	1.2321800	2.0918900	5.5276300	0.5448390	1.2929200	1.0004200	
1.4211900	1.5403500	1.6551800	0.8709190	1.8602800	1.0214500	1.4422300	1.2306100	4.7502400	3.7698200	2.5010600	2.2594600	2.3096100	17.6854000	1.2494000	1.7617800	1.4416900	6.0125900	
5.0733200	0.7400000	1.5209800	0.4532060	5.8701800	0.7119930	1.2315800	1.2114900	0.7947730	14.3103000	3.2848000	1.5964400	2.7493500	2.6470500	1.7743800	2.1992200	4.3692100	0.7982800	1.0000000

0.050000	0.050000	0.050000	0.050000	0.050000	0.050000	0.050000	0.050000	0.050000	0.050000	0.050000	0.050000	0.050000	0.050000	0.050000	0.050000	0.050000	0.050000	0.050000	0.050000;

///  A   R	N	D	C	Q	E	G	H	I	L	K	M	F	P	S	T	W	Y	V
//  Ala Arg	Asn	Asp	Cys	Gln	Glu	Gly	His	Ile	Leu	Lys	Met	Phe	Pro	Ser	Thr	Trp	Tyr	Val