4.00
-3.00	6.00
-2.00	-2.00	6.00
-2.00	-4.00	0.00	6.00
-1.00	-1.00	-1.00	-3.00	12.00
-2.00	0.00	-1.00	-2.00	-3.00	6.00
-2.00	-3.00	-2.00	2.00	-4.00	-1.00	5.00
0.00	-2.00	-1.00	-1.00	0.00	-3.00	-2.00	5.00
-2.00	0.00	1.00	-2.00	0.00	2.00	-2.00	-2.00	8.00
-1.00	-3.00	-1.00	-4.00	-1.00	-2.00	-3.00	-3.00	-2.00	8.00
-2.00	-3.00	-3.00	-4.00	-1.00	-1.00	-4.00	-4.00	-1.00	2.00	7.00
-2.00	2.00	-1.00	-3.00	-4.00	0.00	-1.00	-3.00	-2.00	-2.00	-3.00	6.00
-1.00	-2.00	-3.00	-4.00	-2.00	-1.00	-4.00	-3.00	-2.00	3.00	2.00	-2.00	9.00
-3.00	-3.00	-3.00	-4.00	1.00	-3.00	-4.00	-4.00	0.00	1.00	2.00	-4.00	0.00	10.00
-1.00	-3.00	-3.00	-4.00	-2.00	-1.00	-3.00	-3.00	-1.00	-3.00	-1.00	-3.00	-3.00	-3.00	4.00
0.00	-2.00	0.00	-2.00	0.00	-2.00	-3.00	-1.00	-2.00	-2.00	-2.00	-3.00	-2.00	-2.00	-1.00	3.00
1.00	-3.00	0.00	-3.00	-2.00	-2.00	-2.00	-2.00	-2.00	0.00	-2.00	-2.00	0.00	-2.00	-1.00	0.00	5.00
-4.00	0.00	-4.00	-4.00	2.00	-2.00	-4.00	-3.00	-2.00	-3.00	-1.00	-4.00	-2.00	1.00	-4.00	-3.00	-4.00	15.00
-3.00	-2.00	-1.00	-3.00	3.00	-2.00	-4.00	-3.00	2.00	-1.00	-1.00	-4.00	-2.00	4.00	-2.00	-2.00	-3.00	1.00	11.00
1.00	-3.00	-2.00	-3.00	0.00	-2.00	-2.00	-2.00	-3.00	3.00	1.00	-3.00	2.00	0.00	-2.00	-2.00	0.00	-2.00	-1.00	6.00

//  A   R	N	D	C	Q	E	G	H	I	L	K	M	F	P	S	T	W	Y	V
//  Ala Arg	Asn	Asp	Cys	Gln	Glu	Gly	His	Ile	Leu	Lys	Met	Phe	Pro	Ser	Thr	Trp	Tyr	Val