0.715629	
1.508850	1.161630	
0.726973	0.286720	2.398750	
8.885660	2.420420	3.725230	1.256800	
2.005920	1.660300	2.310150	0.664903	1.807890	
1.454500	0.402780	0.620396	3.994270	0.563876	2.659760	
3.296750	0.693326	1.410850	0.718783	2.906000	0.970269	0.709861	
1.177100	1.943510	4.046790	0.944493	2.036010	4.057630	0.594082	0.739869	
1.226810	0.614885	1.391670	0.350519	3.388670	0.794346	0.591678	0.622542	0.684236	
1.442400	0.957143	1.243020	0.404098	3.795890	2.009610	0.812062	0.659230	1.459320	7.175270	
1.522220	6.019520	1.958980	0.549932	0.805462	2.116630	1.059890	0.868270	1.046510	0.673004	1.030980	
2.594450	1.282120	2.302210	0.685795	3.947350	4.718320	0.991296	1.310790	1.444100	9.184980	10.658400	1.806190	
1.321440	0.637156	1.254780	0.277047	3.626440	0.719102	0.502816	1.001800	3.361500	2.936780	3.692410	0.698696	4.922400	
2.260180	0.750571	0.850661	0.638748	1.646420	1.424490	0.847877	0.806691	1.293480	0.620409	0.733803	1.122450	0.631146	0.642565	
7.098000	1.314360	4.124020	1.474770	7.478990	2.566870	0.979055	3.328040	1.916990	0.764763	1.006860	1.485070	2.131750	1.337140	1.638470	
2.569250	1.028650	3.180980	0.977685	6.677990	2.015830	1.220300	0.978011	1.492980	2.952550	1.619930	1.945970	4.283060	1.112990	1.282440	7.091040	
0.526827	0.865586	0.467618	0.286157	2.120440	0.473558	0.398477	0.539925	0.992776	0.928090	0.947389	0.328019	1.204560	4.953660	0.400354	0.958659	0.444776	
0.814941	0.651825	1.258290	0.451721	3.035280	0.768014	0.453336	0.340569	5.019630	1.263840	1.667850	0.533863	1.671970	15.842500	0.608587	1.105020	1.079470	4.907340	
4.017660	0.790208	1.278070	0.496290	10.802500	1.447170	1.664840	0.664753	1.108450	15.168600	4.802210	1.448330	4.696670	2.395620	1.325620	1.052170	4.685250	0.728445	1.000000

0.050000	0.050000	0.050000	0.050000	0.050000	0.050000	0.050000	0.050000	0.050000	0.050000	0.050000	0.050000	0.050000	0.050000	0.050000	0.050000	0.050000	0.050000	0.050000	0.050000

///  A   R	N	D	C	Q	E	G	H	I	L	K	M	F	P	S	T	W	Y	V
//  Ala Arg	Asn	Asp	Cys	Gln	Glu	Gly	His	Ile	Leu	Lys	Met	Phe	Pro	Ser	Thr	Trp	Tyr	Val