0.628554	
1.200970	1.002000	
0.560625	0.241648	2.176490	
9.863080	1.860350	3.719970	0.993181	
1.784940	1.439340	2.023840	0.589731	1.806740	
1.218550	0.387511	0.464576	3.534470	0.511176	2.389970	
2.586840	0.559444	1.125400	0.532657	3.088800	0.752328	0.585608	
1.024050	1.724960	3.557330	0.860733	1.814830	3.485910	0.518697	0.673623	
1.095690	0.594108	1.203200	0.272131	3.142540	0.765769	0.556842	0.519606	0.611977	
1.215690	0.831812	1.125440	0.363361	3.630620	1.684430	0.699883	0.529286	1.391790	6.729010	
1.440750	5.109240	1.633160	0.441153	0.523731	1.833230	0.901261	0.662521	0.879144	0.611299	0.935004	
2.252740	1.081510	1.800250	0.641742	3.768710	4.517480	0.822158	1.037220	1.530570	8.618040	9.328680	1.594670	
1.150460	0.628386	1.073010	0.162817	3.463980	0.642255	0.452740	0.845470	3.050370	2.787220	3.123010	0.557388	4.431320	
1.822640	0.582380	0.648844	0.531341	1.574550	1.187440	0.720033	0.594291	0.923964	0.449114	0.574151	0.942144	0.553393	0.424243	
6.091110	1.103160	3.761540	1.364070	6.995040	2.378370	0.873278	2.825000	1.803880	0.559028	0.812634	1.304630	1.829820	1.100080	1.265650	
2.142590	0.941453	2.705540	0.897134	6.438870	1.859720	1.108810	0.787846	1.256610	2.297600	1.399570	1.698880	3.739190	1.075340	0.981912	6.171340	
0.438672	0.735235	0.338797	0.263517	1.834240	0.412832	0.364787	0.439492	0.997278	0.796435	0.851936	0.234492	1.065810	5.733270	0.343125	0.789577	0.417338	
0.732410	0.502102	0.993290	0.373923	2.641330	0.615014	0.388176	0.249692	4.251310	1.189700	1.556330	0.500968	1.593470	15.304800	0.467921	0.967373	0.903425	4.298630	
3.438910	0.761066	1.005660	0.295313	11.406800	1.301230	1.333630	0.519484	1.026090	14.487200	4.506730	1.266890	4.115800	2.288990	1.121020	0.758236	4.138300	0.636335	1.000000

0.050000	0.050000	0.050000	0.050000	0.050000	0.050000	0.050000	0.050000	0.050000	0.050000	0.050000	0.050000	0.050000	0.050000	0.050000	0.050000	0.050000	0.050000	0.050000	0.050000

///  A   R	N	D	C	Q	E	G	H	I	L	K	M	F	P	S	T	W	Y	V
//  Ala Arg	Asn	Asp	Cys	Gln	Glu	Gly	His	Ile	Leu	Lys	Met	Phe	Pro	Ser	Thr	Trp	Tyr	Val