16
11	16
9	8	16
10	9	11	16
10	10	4	6	16
8	8	9	6	7	16
11	10	9	11	9	7	16
9	8	3	4	12	6	8	16
10	9	11	11	6	7	11	4	16
11	11	6	7	11	6	10	10	7	16
11	10	5	8	10	4	10	9	8	11	16
9	9	11	10	6	10	10	5	11	7	6	16
6	7	8	5	4	11	5	3	6	4	2	9	16
11	10	11	11	7	8	11	6	12	9	9	11	7	16
8	8	10	9	5	7	10	4	11	6	6	10	6	10	16
10	10	10	9	8	11	10	8	10	8	7	11	10	10	9	16
10	10	9	8	10	10	10	10	9	9	8	10	8	10	9	11	16
9	8	3	4	11	6	9	12	5	10	9	5	3	6	5	8	10	16
11	11	6	7	11	8	10	11	7	11	10	8	6	9	7	10	11	11	16
9	10	7	6	10	10	9	10	7	9	8	8	8	8	7	11	11	10	11	16

//  A   C   D   E   F   G   H   I   K   L   M   N   P   Q   R   S   T   V   W   Y   
//  Ala Cys Asp Glu Phe Gly His Ile Lys Leu Met Asn Pro Gln Arg Ser Thr Val Trp Tyr
