1.007298
3.956419	5.966538
1.128756	0.340771	36.313569
38.999693	2.233906	4.777313	0.681056
9.832043	12.171652	22.382507	4.281216	2.092085
5.232151	2.024107	6.529618	44.591359	0.099617	36.075250
11.215441	1.094905	10.438626	3.023253	3.046392	2.282909	1.482773
3.583604	13.128054	41.711071	4.185810	3.044553	37.667743	3.230746	1.725122
1.172322	0.759557	0.722746	0.183768	2.158810	1.322399	0.494102	0.045581	1.013644
1.590801	1.512686	1.144990	0.000100	5.544317	5.685783	0.835743	0.130825	3.105094	33.233159
3.261607	41.878703	15.373162	1.602903	0.206272	24.357197	9.370821	1.593682	6.566034	1.020221	1.583080
6.231757	3.877835	4.000715	0.533248	13.673119	22.210277	1.937122	0.263879	7.009526	29.786236	63.076460	5.573199
1.591884	0.676288	1.481106	0.158057	3.846211	0.849502	0.497113	0.385416	10.807129	7.551707	18.326722	0.401346	13.482285
9.743184	1.337334	3.146039	1.953785	1.127765	5.372112	3.299969	0.946353	3.619302	0.909728	0.981183	3.028308	1.076467	1.053208
55.736528	4.863631	38.901600	8.394510	27.755448	20.194285	5.691354	11.611302	11.792050	0.285703	1.080604	7.266601	4.833029	2.345893	9.657089
11.197342	4.110527	19.602715	1.974550	24.472670	13.507593	3.802654	0.511068	4.415177	4.665960	2.935968	6.842281	11.423192	1.751212	4.585559	61.021607
1.112742	4.252431	0.812348	0.887077	3.091532	3.230122	1.700728	1.070627	7.645688	1.295814	2.282012	1.969294	7.849832	39.153017	1.482002	3.210177	0.845302
1.344164	2.974528	4.904885	1.192941	5.155320	4.268201	1.809454	0.412242	47.470327	0.728306	4.195065	1.596057	6.922036	100.000000	0.742209	4.343993	1.535181	68.583155
13.417056	1.204017	1.117668	0.235193	31.995328	3.005270	1.857374	0.239635	1.076764	83.213319	11.663536	1.797781	10.272902	3.302811	2.507110	0.878127	18.196675	0.183113	10.000000
0.082430	0.069100	0.034678	0.049508	0.015710	0.031188	0.058080	0.081203	0.020945	0.073714	0.090490	0.073261	0.024374	0.033095	0.040812	0.052105	0.051905	0.005756	0.028378	0.083267

0.050000	0.050000	0.050000	0.050000	0.050000	0.050000	0.050000	0.050000	0.050000	0.050000	0.050000	0.050000	0.050000	0.050000	0.050000	0.050000	0.050000	0.050000	0.050000	0.050000

///  A   R	N	D	C	Q	E	G	H	I	L	K	M	F	P	S	T	W	Y	V
//  Ala Arg	Asn	Asp	Cys	Gln	Glu	Gly	His	Ile	Leu	Lys	Met	Phe	Pro	Ser	Thr	Trp	Tyr	Val