0.557500	
0.467024	0.508965	
0.660464	0.044039	3.386724	
1.332582	3.667491	1.440486	0.185886	
1.402485	2.156104	1.297398	0.333117	0.789370	
1.259192	0.111162	0.245837	2.707953	0.058650	2.098300	
0.934526	0.393780	2.196372	0.868249	1.336358	0.322363	0.252359	
0.518929	3.157422	5.392488	0.748008	3.827563	4.517669	0.284167	0.634601	
0.279723	0.407537	0.535113	0.054030	3.345087	0.427624	0.148200	0.015686	0.658979	
0.715094	1.182387	0.270883	0.035162	3.520931	2.366650	0.172395	0.100089	1.779380	18.830270	
0.694526	3.728628	1.747648	0.083685	0.100399	2.477205	0.623294	0.280977	0.694965	0.569776	0.493141	
1.338414	1.261833	0.818216	0.054313	3.918703	2.383718	0.219943	0.228757	0.867786	19.605444	31.431195	1.089056	
0.295523	0.190129	0.263800	0.044853	5.266468	0.120909	0.042178	0.194665	3.494314	5.825792	11.527190	0.044361	6.237844	
1.085021	0.168461	0.041147	0.203765	0.185173	0.353420	0.218194	0.120292	0.375260	0.116875	0.705493	0.190747	0.139085	0.108823	
4.090024	0.852803	4.335615	0.829194	6.499129	1.095446	0.336922	1.733724	1.144100	0.413986	0.878828	0.631498	0.730416	1.167593	1.195720	
2.318400	0.650016	2.351068	0.385247	1.883085	1.167877	0.532167	0.187062	0.796107	4.825759	0.838744	1.268311	4.445757	0.381760	0.419944	7.677284	
0.134371	1.021826	0.151293	0.065183	3.716538	0.530580	0.077516	0.396559	1.324147	0.443432	3.290145	0.064651	4.411035	13.056874	0.056705	0.534908	0.408415	
0.212989	0.424870	1.115762	0.268883	8.874037	0.255572	0.125866	0.107717	14.436023	1.292209	1.491799	0.104026	2.063744	49.760746	0.057618	0.756357	0.396791	12.032322	
3.112666	0.544010	0.214411	0.125541	5.301703	0.868794	0.839508	0.215758	0.533676	46.074660	7.301056	0.557248	9.151909	2.634769	0.523205	0.564572	4.519860	0.456880	0.670812	

0.094155	0.070537	0.052200	0.112406	0.002213	0.062733	0.165272	0.062302	0.019853	0.011154	0.019829	0.108860	0.006503	0.006873	0.070091	0.057931	0.046183	0.002449	0.008629	0.019827	

//  A   R	N	D	C	Q	E	G	H	I	L	K	M	F	P	S	T	W	Y	V
//  Ala Arg	Asn	Asp	Cys	Gln	Glu	Gly	His	Ile	Leu	Lys	Met	Phe	Pro	Ser	Thr	Trp	Tyr	Val