0.489239	
0.466919	0.536794	
0.601908	0.069474	4.603441	
2.430552	1.807414	0.997223	0.166431	
1.101971	2.081359	1.299123	0.508086	0.393348	
1.227777	0.215899	0.345545	3.579383	0.046861	3.113235	
1.873072	0.390054	1.528288	0.941969	0.867139	0.349219	0.406414	
0.519003	1.930915	5.003737	0.781887	1.630085	3.567804	0.324903	0.315383	
0.158722	0.180317	0.295816	0.013254	0.642786	0.179498	0.090830	0.013181	0.209208	
0.345026	0.503290	0.138767	0.024393	1.107569	1.027755	0.123806	0.048549	0.592981	5.439892	
0.610178	4.322929	1.524318	0.121994	0.181609	2.674484	0.792405	0.276766	0.591509	0.301836	0.294950	
0.949957	0.472702	0.502710	0.091008	1.283305	1.905885	0.242081	0.140301	0.378459	6.259505	9.391081	1.074513	
0.247271	0.069820	0.161809	0.028611	2.065479	0.077874	0.025753	0.065388	1.541097	1.306479	3.015722	0.048689	2.243101	
1.334722	0.170174	0.099375	0.211869	0.163190	0.349495	0.155436	0.186099	0.300496	0.065625	0.265961	0.162529	0.088677	0.083754	
5.316955	0.699036	4.526191	1.143652	5.249370	0.970695	0.438792	2.366185	0.939629	0.138819	0.275119	0.532771	0.521510	0.547761	1.187779	
1.963809	0.535034	2.034583	0.383040	2.012437	0.891145	0.531018	0.180104	0.467342	1.861944	0.395319	1.071879	2.340268	0.183984	0.400373	7.243848	
0.145693	0.378596	0.046601	0.048388	1.074147	0.174525	0.063777	0.168836	0.822524	0.110645	0.677913	0.062047	0.796395	3.502387	0.046950	0.290501	0.107097	
0.195764	0.149382	0.534652	0.105996	2.446201	0.150150	0.071967	0.031908	6.198893	0.299207	0.413150	0.090874	0.492692	15.039152	0.044765	0.328289	0.175204	3.125850	
2.227504	0.220361	0.150316	0.066496	3.112801	0.393451	0.444469	0.108811	0.224352	15.532696	2.152640	0.302279	2.658339	0.738053	0.322254	0.197018	2.507055	0.175763	0.276642	

0.086346	0.080808	0.041727	0.064440	0.006654	0.052795	0.092110	0.048527	0.028831	0.040497	0.071679	0.079687	0.018007	0.025901	0.052632	0.052778	0.056138	0.010733	0.034744	0.054964

//  A   R	N	D	C	Q	E	G	H	I	L	K	M	F	P	S	T	W	Y	V
//  Ala Arg	Asn	Asp	Cys	Gln	Glu	Gly	His	Ile	Leu	Lys	Met	Phe	Pro	Ser	Thr	Trp	Tyr	Val