2
0	3
0	0	2	
0	-1	1	2
0	-1	0	1	2
0	0	1	0	0	3	
0	0	0	1	0	1	2
0	0	0	0	1	0	0	2	
0	0	0	0	0	0	0	0	2
0	0	0	0	0	1	0	0	0	2
0	0	0	0	0	0	0	0	0	1	2
0	0	0	0	0	0	0	0	0	0	0	2
-1	-1	-1	-1	0	-1	-1	-1	0	-1	-1	-1	2
-1	-1	-1	-1	0   -1	-1	-1	0	-1	-1	-1	1	2
-1	-1	-1	-1	0	-1	-1	-1	0	-1	-1	-1	0	0	2
0	0	0	0	0	0	0	0	0	0	0	0	0	0	0	2
-1	-1	-1	-1	0	-1	-1	-1	0	-1	-1	-1	1	0	2	0	2
-1	-1	-1	-1	-1	1	-1	-1	-1	-1	-1	-1	0	1	0	-1	0	2
-1	-1	-1	-1	-1	1	-1	-1	-1	-1	-1	0	0	0	0	-1	0	1	2
-1	-1	-1	-1	-1	-1	-1	-1	-1	-1	0	-1	0	0	0	-1	0	0	0	2

//  G   P   D   E   A   N   Q   S   T   K   R   H   V   I   M   C   L   F   Y   W
//  Gly Pro Asp Glu Ala Asn Gln Ser Thr Lys Arg His Val Ile Met Cys Leu Phe Tyr Trp
