0.2332900	
0.9808050	0.7443810	
0.2706990	0.1848560	1.7643800	
5.2165000	0.8656820	2.3557800	0.9037620	
0.9505180	0.5750980	1.3137000	0.2855000	0.9859390	
0.6928490	0.3143930	0.5294330	2.2441700	0.5013390	1.3402500	
1.6289500	0.4242270	0.6681420	0.2951540	1.3690000	0.4784850	0.3898560	
0.6144580	1.0482300	2.6938100	0.4050180	0.7626270	2.0206900	0.3133410	0.4549450	
0.7805330	0.3847290	0.5451260	0.3274970	1.3492900	0.3787360	0.3926660	0.3115850	0.4339150	
0.5678710	0.3646180	0.5796590	0.0793249	1.5349600	0.7718690	0.3914060	0.2398910	0.6293570	4.0147300	
0.6822860	2.9771500	1.3718800	0.3010460	0.3702210	0.9805130	0.7815960	0.4198170	0.5981820	0.6056620	0.5081670	
1.3322900	0.7133740	1.0502400	0.3630020	2.9252600	2.1367000	0.6419630	0.3593130	0.8780950	4.6329000	6.0047700	1.0908800	
0.5795820	0.3282180	0.6905420	0.1488660	0.9043480	0.2778070	0.3090150	0.5494990	1.2945500	1.6934900	2.1726600	0.3673500	1.9939500	
1.0918700	0.3562170	0.6634880	0.2648720	0.9495700	0.6430880	0.4500530	0.3512160	0.5842050	0.6500290	0.3367860	0.6559930	0.4300360	0.7049070	
5.7444600	0.7029660	3.0462500	0.8630300	5.6673700	1.5375000	0.6028700	2.1529500	1.1944900	0.4238030	0.5591120	0.8898900	1.2159200	0.8340830	0.9814980	
1.5478700	0.5756180	2.2907700	0.4513340	4.9282300	1.0420500	0.4774290	0.6174740	0.5797720	1.3017000	0.8051260	0.8779050	1.7343700	0.6132720	0.8479570	5.3737900	
0.3338250	0.7677340	0.1560190	0.3184380	0.4918480	0.3850580	0.4795190	0.4785750	0.4770770	0.3679130	0.2839460	0.5794890	0.8577890	2.3919000	0.4012300	0.5662410	0.2173720	
0.5183810	0.7135390	0.9368380	0.4490210	1.4416400	0.5404080	0.5828450	0.4454420	3.0225200	0.9521370	1.0814300	0.6605210	1.2049600	10.2351000	0.4376040	0.9013330	0.5013920	3.5512700	
2.0664600	0.3870920	0.7391250	0.2579040	5.6170400	0.5653760	0.6678390	0.4183060	0.4046500	8.0691100	1.9904500	0.6509790	1.7308900	1.1009800	0.7465900	0.5942150	2.6179500	0.1880520	1.0000000

0.050000	0.050000	0.050000	0.050000	0.050000	0.050000	0.050000	0.050000	0.050000	0.050000	0.050000	0.050000	0.050000	0.050000	0.050000	0.050000	0.050000	0.050000	0.050000	0.050000

///  A   R	N	D	C	Q	E	G	H	I	L	K	M	F	P	S	T	W	Y	V
//  Ala Arg	Asn	Asp	Cys	Gln	Glu	Gly	His	Ile	Leu	Lys	Met	Phe	Pro	Ser	Thr	Trp	Tyr	Val