0.05935100	
0.24925850	0.18910000	
0.06820100	0.04953645	0.44991500	
1.30840500	0.21712250	0.55798500	0.25068750	
0.24202500	0.14674400	0.33340400	0.07228750	0.26157450	
0.17834850	0.08525950	0.13446500	0.58431000	0.12194400	0.34467850	
0.43342750	0.11046350	0.16852600	0.07552450	0.34681200	0.12218350	0.10070650	
0.15368250	0.26517550	0.68767000	0.10416200	0.19654050	0.51696500	0.07997650	0.11525350	
0.20353200	0.09807050	0.13843450	0.08582700	0.33904000	0.09567050	0.10006550	0.08083750	0.10884000	
0.14525250	0.09195150	0.14319850	0.02024240	0.37429600	0.19284350	0.09985150	0.06108300	0.15579650	1.02725000	
0.17468500	0.76213000	0.34590850	0.07789600	0.09306600	0.24868200	0.20237000	0.10743100	0.15047650	0.15335200	0.12798550	
0.34542700	0.18345900	0.26411650	0.09362050	0.70949000	0.54539000	0.16615250	0.09453500	0.21625650	1.16476500	1.49407000	0.27775500	
0.14409600	0.08280300	0.17328200	0.03837005	0.21133200	0.07008200	0.07939400	0.13980700	0.30902850	0.41848850	0.53882000	0.09478350	0.48360400	
0.28520700	0.09348500	0.16901050	0.06825650	0.24801100	0.16661100	0.11712350	0.09227200	0.15198850	0.17602850	0.08722250	0.17065150	0.11244100	0.18228300	
1.48667500	0.17893400	0.77576000	0.22024550	1.31574000	0.38976250	0.15393050	0.56029000	0.30109850	0.10631050	0.13778650	0.22419500	0.30225150	0.21062300	0.25282200	
0.40229550	0.14676600	0.58192500	0.11364450	1.21473000	0.26292600	0.12037750	0.15953550	0.14566450	0.33418850	0.20243950	0.22130150	0.43407050	0.15563350	0.22139600	1.38402500	
0.08690400	0.19258050	0.03994910	0.08187300	0.11865550	0.09531800	0.12508700	0.12062550	0.11992250	0.08844200	0.07097850	0.14958450	0.23518600	0.56001000	0.10747950	0.14253600	0.05689750	
0.13928050	0.18161700	0.23931350	0.11613600	0.39247850	0.13798400	0.14975700	0.11646200	0.74282500	0.30813600	0.27271600	0.17012500	0.29606050	2.25306500	0.11464800	0.22321600	0.13633750	0.81784000	
0.54487500	0.09818700	0.18628700	0.06446500	1.43568500	0.14206500	0.17078550	0.10906500	0.10347850	2.06189000	0.50620000	0.16500200	0.43418250	0.31055550	0.19687400	0.14643050	0.67531500	0.05112050	0.05000000

0.050000	0.050000	0.050000	0.050000	0.050000	0.050000	0.050000	0.050000	0.050000	0.050000	0.050000	0.050000	0.050000	0.050000	0.050000	0.050000	0.050000	0.050000	0.050000	0.050000

///  A   R	N	D	C	Q	E	G	H	I	L	K	M	F	P	S	T	W	Y	V
//  Ala Arg	Asn	Asp	Cys	Gln	Glu	Gly	His	Ile	Leu	Lys	Met	Phe	Pro	Ser	Thr	Trp	Tyr	Val