-1.135391	0.009676	0.009207	0.008870	0.047365	0.027886	0.040892	0.136304	0.007670	0.015863	0.030040	0.019039	0.023393	0.008906	0.044461	0.390725	0.146749	0.001304	0.006009	0.161033
0.019423	-0.963645	0.033819	0.006001	0.016925	0.114067	0.013664	0.020926	0.061958	0.012122	0.030774	0.488188	0.013713	0.003802	0.013972	0.055775	0.028910	0.005843	0.010034	0.013729
0.023557	0.037619	-1.162643	0.221067	0.012605	0.072728	0.034358	0.066288	0.095334	0.010018	0.008890	0.136468	0.007237	0.003788	0.009195	0.303966	0.099410	0.000622	0.010939	0.008556
0.021007	0.005875	0.202526	-0.874782	0.002903	0.020182	0.404567	0.042233	0.020805	0.002487	0.004008	0.017828	0.002149	0.001837	0.015741	0.079397	0.021235	0.000289	0.003686	0.006028
0.197760	0.024359	0.025890	0.002814	-1.082771	0.006439	0.001789	0.040327	0.019911	0.039990	0.068645	0.003189	0.018970	0.048314	0.007423	0.299386	0.090964	0.009105	0.048274	0.129221
0.068635	0.104331	0.068154	0.021752	0.003706	-1.139430	0.252506	0.014332	0.111600	0.008338	0.070814	0.187966	0.033786	0.002239	0.028117	0.071332	0.062357	0.001153	0.005253	0.023059
0.064829	0.010086	0.017644	0.301212	0.000700	0.137161	-0.761669	0.017189	0.007204	0.004537	0.008493	0.079758	0.004991	0.001407	0.016210	0.039294	0.028050	0.000347	0.002283	0.020275
0.123938	0.030170	0.093836	0.067401	0.012533	0.019056	0.042619	-0.631033	0.009904	0.001969	0.005651	0.039411	0.004741	0.004676	0.014370	0.133873	0.015240	0.001696	0.002725	0.007223
0.022282	0.107544	0.205253	0.032560	0.022266	0.210168	0.020658	0.010333	-1.105411	0.010241	0.046776	0.035106	0.010772	0.033439	0.020941	0.068163	0.031811	0.005172	0.195018	0.016907
0.004539	0.004037	0.003934	0.001334	0.006196	0.001938	0.001940	0.001244	0.002305	-1.505587	0.421002	0.004836	0.098951	0.047054	0.002852	0.004581	0.037335	0.001458	0.008186	0.851865
0.016852	0.011019	0.002757	0.001415	0.012095	0.017504	0.003867	0.003076	0.008064	0.246689	-0.733554	0.007044	0.150669	0.093744	0.008703	0.009837	0.013739	0.004574	0.009820	0.112085
0.032635	0.305920	0.064657	0.009591	0.001166	0.111340	0.062048	0.012076	0.010794	0.008524	0.011531	-0.768717	0.011865	0.001162	0.014122	0.045086	0.051523	0.000394	0.001448	0.012836
0.074208	0.035984	0.020828	0.004188	0.015316	0.075828	0.016321	0.010032	0.011675	0.265456	0.586915	0.041477	-1.528715	0.052175	0.009910	0.035247	0.121046	0.006467	0.015506	0.130139
0.014622	0.003719	0.003343	0.001377	0.025068	0.002268	0.002560	0.004887	0.013366	0.067966	0.243276	0.002910	0.039030	-0.766294	0.005285	0.016216	0.010026	0.022070	0.250499	0.037807
0.107507	0.018308	0.013579	0.020385	0.003313	0.043918	0.034228	0.013079	0.015188	0.008125	0.029838	0.033067	0.004211	0.004050	-0.532921	0.115873	0.039931	0.000844	0.003268	0.024209
0.233275	0.042703	0.175333	0.060594	0.044310	0.058451	0.054027	0.098469	0.022176	0.003758	0.020091	0.055286	0.008073	0.009967	0.068335	-1.279726	0.306561	0.002332	0.008412	0.007573
0.140980	0.029332	0.094678	0.018353	0.024158	0.046796	0.036183	0.010552	0.014113	0.072973	0.033661	0.072302	0.051357	0.007417	0.026449	0.454390	-1.265364	0.000984	0.006548	0.124139
0.007241	0.016385	0.002005	0.001829	0.012611	0.004315	0.003056	0.006961	0.008645	0.006435	0.037747	0.006032	0.011721	0.075220	0.003829	0.015603	0.003399	-0.296934	0.064661	0.009239
0.008216	0.008948	0.015714	0.003177	0.028131	0.005928	0.004274	0.002265	0.136528	0.008461	0.024085	0.004775	0.005569	0.378105	0.002872	0.018076	0.008264	0.018821	-0.693661	0.011450
0.198287	0.008294	0.006348	0.002600	0.040597	0.011467	0.017498	0.006864	0.005536	0.690930	0.152136	0.012774	0.048017	0.021797	0.015795	0.010493	0.137401	0.001149	0.006567	-1.394551

0.062439	0.047010	0.045519	0.051290	0.016388	0.043341	0.070434	0.045365	0.023164	0.061138	0.105695	0.078671	0.024175	0.043221	0.035656	0.078571	0.055383	0.011759	0.032519	0.068262

//  A   R	N	D	C	Q	E	G	H	I	L	K	M	F	P	S	T	W	Y	V 
//  Ala Arg	Asn	Asp	Cys	Gln	Glu	Gly	His	Ile	Leu	Lys	Met	Phe	Pro	Ser	Thr	Trp	Tyr	Val
