2.00
-2.00	6.00
0.00	0.00	2.00
0.00	-1.00	2.00	4.00
-2.00	-4.00	-4.00	-5.00	12.00
0.00	1.00	1.00	2.00	-5.00	4.00
0.00	-1.00	1.00	3.00	-5.00	2.00	4.00
1.00	-3.00	0.00	1.00	-3.00	-1.00	0.00	5.00
-1.00	2.00	2.00	1.00	-3.00	3.00	1.00	-2.00	6.00
-1.00	-2.00	-2.00	-2.00	-2.00	-2.00	-2.00	-3.00	-2.00	5.00
-2.00	-3.00	-3.00	-4.00	-6.00	-2.00	-3.00	-4.00	-2.00	2.00	6.00
-1.00	3.00	1.00	0.00	-5.00	1.00	0.00	-2.00	0.00	-2.00	-3.00	5.00
-1.00	0.00	-2.00	-3.00	-5.00	-1.00	-2.00	-3.00	-2.00	2.00	4.00	0.00	6.00
-4.00	-4.00	-4.00	-6.00	-4.00	-5.00	-5.00	-5.00	-2.00	1.00	2.00	-5.00	0.00	9.00
1.00	0.00	-1.00	-1.00	-3.00	0.00	-1.00	-1.00	0.00	-2.00	-3.00	-1.00	-2.00	-5.00	6.00
1.00	0.00	1.00	0.00	0.00	-1.00	0.00	1.00	-1.00	-1.00	-3.00	0.00	-2.00	-3.00	1.00	2.00
1.00	-1.00	0.00	0.00	-2.00	-1.00	0.00	0.00	-1.00	0.00	-2.00	0.00	-1.00	-3.00	0.00	1.00	3.00
-6.00	2.00	-4.00	-7.00	-8.00	-5.00	-7.00	-7.00	-3.00	-5.00	-2.00	-3.00	-4.00	0.00	-6.00	-2.00	-5.00	17.00
-3.00	-4.00	-2.00	-4.00	0.00	-4.00	-4.00	-5.00	0.00	-1.00	-1.00	-4.00	-2.00	7.00	-5.00	-3.00	-3.00	0.00	10.00
0.00	-2.00	-2.00	-2.00	-2.00	-2.00	-2.00	-1.00	-2.00	4.00	2.00	-2.00	2.00	-1.00	-1.00	-1.00	0.00	-6.00	-2.00	4.00
0.00	-1.00	2.00	3.00	-4.00	1.00	2.00	0.00	1.00	-2.00	-3.00	1.00	-2.00	-5.00	-1.00	0.00	0.00	-5.00	-3.00	-2.00	2.00
0.00	0.00	1.00	3.00	-5.00	3.00	3.00	-1.00	2.00	-2.00	-3.00	0.00	-2.00	-5.00	0.00	0.00	-1.00	-6.00	-4.00	-2.00	2.00	3.00
0.00	0.00	0.00	0.00	0.00	0.00	0.00	0.00	0.00	0.00	0.00	0.00	0.00	0.00	0.00	0.00	0.00	0.00	0.00	0.00	0.00	0.00	0.00

//  A  R  N  D  C  Q  E  G  H  I  L  K  M  F  P  S  T  W  Y  V  B  Z  X 
// Ala  Arg  Asn  Asp  Cys  Gln  Glu  Gly  His  Ile  Leu  Lys  Met  Phe  Pro  Ser  Thr  Trp  Tyr  Val  Asx  Glx  Xaa
// The last three amino acids are ambiguities: B (asparagine or aspartic acid), Z (glutamine or glutamic acid) and X (unspecified or unknown)

