4	-4	-1	-1	-5	0	-4	-2	-4	-4	-3	-1	0	-2	-4	1	1	0	-8	-5	-1
-4	9	-9	-9	-8	-6	-5	-4	-9	-9	-8	-6	-5	-9	-5	-1	-4	-3	-10	-2	-5
-1	-9	6	4	-9	-1	-1	-4	-2	-7	-6	3	-4	0	-5	-1	-2	-5	-10	-7	-3
-1	-9	4	6	-9	-2	-2	-3	-2	-6	-4	0	-3	2	-4	-2	-3	-4	-11	-6	-2
-5	-8	-9	-9	8	-6	-3	0	-9	0	-2	-5	-7	-8	-6	-4	-5	-4	-2	4	-5
0	-6	-1	-2	-6	6	-5	-6	-4	-7	-5	-1	-3	-4	-6	0	-2	-3	-10	-8	-3
-4	-5	-1	-2	-3	-5	8	-5	-3	-4	-5	2	-2	2	0	-3	-4	-4	-4	-1	-2
-2	-4	-4	-3	0	-6	-5	7	-4	1	1	-3	-5	-4	-3	-4	-1	3	-8	-3	-2
-4	-9	-2	-2	-9	-4	-3	-4	6	-5	0	0	-4	-1	2	-2	-1	-5	-7	-6	-3
-4	-9	-7	-6	0	-7	-4	1	-5	6	2	-5	-4	-3	-5	-5	-4	0	-3	-4	-3
-3	-8	-6	-4	-2	-5	-5	1	0	2	9	-4	-5	-2	-2	-3	-2	1	-7	-6	-2
-1	-6	3	0	-5	-1	2	-3	0	-5	-4	5	-3	-1	-2	1	0	-4	-5	-3	-1
0	-5	-4	-3	-7	-3	-2	-5	-4	-4	-5	-3	7	-1	-2	0	-2	-3	-9	-8	-2
-2	-9	0	2	-8	-4	2	-4	-1	-3	-2	-1	-1	7	0	-3	-3	-4	-8	-7	-2
-4	-5	-5	-4	-6	-6	0	-3	2	-5	-2	-2	-2	0	7	-1	-3	-5	0	-7	-3
1	-1	-1	-2	-4	0	-3	-4	-2	-5	-3	1	0	-3	-1	4	2	-3	-3	-4	-1
1	-4	-2	-3	-5	-2	-4	-1	-1	-4	-2	0	-2	-3	-3	2	5	-1	-8	-4	-1
0	-3	-5	-4	-4	-3	-4	3	-5	0	1	-4	-3	-4	-5	-3	-1	6	-10	-5	-2
-8	-10	-10	-11	-2	-10	-4	-8	-7	-3	-7	-5	-9	-8	0	-3	-8	-10	13	-2	-7
-5	-2	-7	-6	4	-8	-1	-3	-6	-4	-6	-3	-8	-7	-7	-4	-4	-5	-2	9	-4
-1	-5	-3	-2	-5	-3	-2	-2	-3	-3	-2	-1	-2	-2	-3	-1	-1	-2	-7	-4	-3

//  A	C	D	E	F	G	H	I	K	L	M	N	P	Q	R	S	T	V	W	Y	X
//  Ala	Cys	Asp	Glu	Phe	Gly	His	Ile	Lys	Leu	Met	Asn	Pro	Gln	Arg	Ser	Thr	Val	Trp	Tyr	Xaa
