4
-1	7
-1	0	7
-1	0	3	8
1	-3	-3	-4	16
0	2	1	1	-3	5
-1	1	1	3	-4	3	6
0	-2	1	0	-2	-1	-1	9
-2	1	1	0	-2	1	0	-2	12
-1	-4	-4	-6	0	-3	-4	-4	-4	5
-1	-3	-4	-5	0	-3	-4	-4	-3	3	5
-1	3	1	1	-4	2	2	-1	0	-4	-4	6
0	-2	-3	-4	0	-1	-3	-3	-2	2	3	-2	6
-2	-4	-4	-5	0	-4	-5	-4	-2	2	2	-4	2	7
-1	-1	-1	0	-3	-1	0	-1	-1	-3	-3	0	-3	-3	10
1	0	1	1	0	0	0	1	0	-3	-3	0	-2	-3	0	4
0	0	1	0	-1	0	0	-1	-1	-1	-2	0	-1	-2	-1	2	5
-2	-2	-4	-5	-2	-3	-4	-3	-1	-1	0	-4	0	3	-3	-3	-3	16
-2	-2	-2	-3	-1	-2	-3	-3	2	-1	0	-2	0	4	-3	-2	-2	4	9
0	-3	-4	-5	1	-3	-4	-3	-3	4	2	-3	1	1	-2	-2	0	-1	-1	5
-5	-4	-1	-1	-7	-3	-2	-4	-3	-9	-9	-3	-7	-9	-4	-3	-4	-8	-7	-8	-1
-5	-2	-3	-1	-8	-2	-2	-5	-4	-8	-8	-2	-6	-8	-5	-4	-4	-8	-6	-7	-6	-2
-5	-7	-8	-9	-4	-7	-8	-8	-7	-2	-2	-8	-1	-2	-7	-7	-6	-4	-4	-1	-13	-12	-3
-18	-18	-18	-18	-18	-18	-18	-18	-18	-18	-18	-18	-17	-18	-18	-18	-18	-18	-18	-18	-22	-22	-22	-27

//  A   R	N	D	C	Q	E	G	H	I	L	K	M	F	P	S	T	W	Y	V   B   Z   J   X 
//  Ala Arg	Asn	Asp	Cys	Gln	Glu	Gly	His	Ile	Leu	Lys	Met	Phe	Pro	Ser	Thr	Trp	Tyr	Val Asx	Glx	Leu/Ile	Xaa
//  The last four amino acids are ambiguities: B (asparagine or aspartic acid), Z (glutamine or glutamic acid), J (leucine or isoleucine), and X (unspecified or unknown)