5
-1	7
-2	0	7
-2	-1	2	7
0	-4	-3	-5	14
-1	2	1	1	-4	6
-1	0	0	3	-5	2	6
0	-2	0	-1	-2	-2	-2	8
-2	1	1	0	-2	1	0	-2	10
-1	-4	-5	-6	-1	-4	-5	-5	-4	6
-1	-3	-4	-6	-1	-3	-4	-5	-3	3	5
-1	3	1	0	-4	2	1	-2	0	-4	-4	6
-1	-2	-3	-4	-1	-1	-3	-4	-2	2	3	-2	8
-2	-4	-4	-6	-1	-4	-5	-5	-1	1	2	-5	1	8
-1	-2	-1	-1	-4	-1	-1	-2	-2	-4	-4	-1	-4	-4	10
1	-1	1	0	0	0	0	0	-1	-3	-4	0	-2	-3	0	5
0	-1	0	-1	-1	0	-1	-2	-1	-1	-2	0	-1	-3	-1	2	6
-3	-3	-4	-5	-2	-3	-5	-4	-1	-2	-1	-4	-1	3	-4	-4	-3	14
-3	-2	-2	-4	-1	-2	-3	-4	2	-2	-1	-3	-1	4	-4	-3	-2	3	9
0	-3	-4	-5	0	-3	-4	-4	-3	4	1	-3	1	0	-3	-2	0	-2	-2	5
-5	-4	0	1	-7	-2	-1	-3	-3	-8	-8	-3	-7	-8	-4	-2	-3	-8	-6	-8	1
-4	-2	-2	-1	-7	0	0	-5	-3	-7	-7	-1	-5	-8	-4	-3	-3	-7	-6	-6	-5	0
-4	-7	-8	-9	-4	-6	-8	-8	-6	0	-1	-7	-1	-2	-7	-7	-5	-4	-4	-1	-11	-10	0
-14	-14	-13	-14	-14	-13	-14	-14	-13	-14	-14	-13	-13	-14	-14	-13	-13	-14	-14	-14	-17	-16	-17	-21

//  A   R	N	D	C	Q	E	G	H	I	L	K	M	F	P	S	T	W	Y	V   B   Z   J   X 
//  Ala Arg	Asn	Asp	Cys	Gln	Glu	Gly	His	Ile	Leu	Lys	Met	Phe	Pro	Ser	Thr	Trp	Tyr	Val Asx	Glx	Leu/Ile	Xaa
//  The last four amino acids are ambiguities: B (asparagine or aspartic acid), Z (glutamine or glutamic acid), J (leucine or isoleucine), and X (unspecified or unknown)