0.514865	
0.774348	0.583403	
0.854291	0.046141	2.011233	
1.019817	5.652322	2.260587	0.057603	
1.095968	1.696154	1.296536	0.417322	0.967032	
1.054599	0.084924	0.368384	3.592374	0.063073	1.885301	
3.510012	0.797055	1.759631	1.421695	2.627911	0.743770	0.772359	
0.694799	2.596186	4.214186	0.654590	6.673533	3.664595	0.294967	0.608220	
0.344837	0.543739	0.965435	0.062495	2.500862	0.452448	0.155720	0.083334	0.905291	
0.593987	0.857922	0.351903	0.045358	3.290242	1.421539	0.109100	0.230693	1.595696	5.042430	
0.708843	2.012940	1.662582	0.106190	0.329149	2.268825	0.579185	0.365374	0.696286	0.701896	0.398546	
0.990080	0.754111	0.910436	0.143464	3.570847	1.708803	0.181804	0.706982	0.789517	8.138995	13.390024	1.137779	
0.085639	0.012721	0.098898	0.018361	2.148695	0.012425	0.009316	0.135782	0.921964	1.006572	2.479349	0.014715	1.418875	
0.655013	0.150052	0.120388	0.698261	0.254951	0.353826	0.250818	0.715043	0.329691	0.170251	0.827093	0.187804	0.178490	0.048299	
2.863328	0.657706	3.761619	0.619692	9.817007	0.810603	0.344050	6.758412	0.997214	0.414623	0.625678	0.555290	0.647617	0.392859	0.929152	
1.373936	0.392433	2.711122	0.237865	2.460302	0.701472	0.319136	0.607889	0.728133	3.705396	0.412346	0.953939	2.446017	0.054119	0.279699	9.934970	
0.247598	0.514750	0.144529	0.157484	5.383077	0.199950	0.045688	0.790171	1.116595	0.243053	1.738186	0.070214	3.427855	3.275850	0.007577	0.583988	0.205721	
0.090644	0.046952	0.326197	0.089450	7.475195	0.018555	0.020706	0.016617	3.728614	0.404819	0.617948	0.029889	0.956437	47.933104	0.050416	0.181180	0.070113	5.242459	
2.093798	0.323334	0.307076	0.101486	8.553531	0.473023	0.410909	0.459941	0.568017	13.906640	1.778101	0.426825	2.763369	0.570421	0.311278	0.389524	2.915452	0.252168	0.268516	

0.104307	0.092553	0.043722	0.085643	0.003218	0.074342	0.163928	0.024243	0.022216	0.016012	0.038591	0.105577	0.011434	0.016126	0.018057	0.061232	0.061373	0.004086	0.020876	0.032465

//  A   R	N	D	C	Q	E	G	H	I	L	K	M	F	P	S	T	W	Y	V  
//  Ala Arg	Asn	Asp	Cys	Gln	Glu	Gly	His	Ile	Leu	Lys	Met	Phe	Pro	Ser	Thr	Trp	Tyr	Val