1.709484	
0.184309	0.860448	
0.660851	0.182073	4.471383	
4.554487	2.843438	1.801073	1.068728	
3.425703	6.092362	2.868388	0.790473	0.794773	
4.278840	0.359055	0.585031	4.176143	0.121031	6.860012	
0.625715	1.054231	1.222442	0.492366	1.418419	0.796035	0.643251	
1.089116	6.396197	8.965630	1.915247	2.033352	11.058341	0.768162	0.523196	
0.024545	0.023433	0.014686	0.002204	0.628823	0.008720	0.008363	0.002485	0.046726	
0.150945	0.140520	0.002514	0.000212	1.903535	0.384413	0.015127	0.010251	0.210723	5.066207	
1.751314	12.981698	3.641808	0.278298	0.036599	7.677610	2.744099	0.612733	1.686490	0.042380	0.023858	
0.475876	0.364580	0.063143	0.001486	3.890832	0.754732	0.041044	0.024222	0.236955	5.752463	12.019762	0.229898	
0.142125	0.051255	0.006503	0.000593	5.397699	0.064190	0.006871	0.015588	0.424840	1.005341	5.458275	0.021422	1.779060	
5.433246	1.051312	0.012611	0.027267	0.635181	1.765792	0.849429	0.023324	0.610884	0.000184	0.037705	0.604166	0.001415	0.003197	
6.267113	1.750009	5.986041	1.411952	5.482009	1.923966	0.595886	0.943724	1.786620	0.043381	0.066093	0.813893	0.053557	0.199095	1.723045	
6.389458	1.828974	2.044599	1.561907	2.083626	2.070125	1.210529	0.217976	1.192222	0.515450	0.199809	2.020941	1.238100	0.150760	1.727569	9.882473	
0.281689	1.180712	0.000006	0.017218	3.696424	0.146508	0.068518	0.222418	0.497727	0.199828	1.849405	0.001429	1.394852	2.473491	0.016401	0.288550	0.190290	
0.302638	0.475135	0.196905	0.067615	6.355457	0.576342	0.232832	0.059485	4.525509	0.571811	1.194578	0.006674	0.467694	8.107893	0.024556	0.394389	0.441794	4.067825	
11.333027	0.298555	0.053673	0.009846	5.743238	0.296166	0.413471	0.120393	0.105418	9.130937	2.674960	0.165290	4.417978	1.811161	0.492985	0.042803	3.284174	0.844277	2.327679	

0.044015	0.021591	0.056258	0.102405	0.003260	0.018409	0.041364	0.168549	0.015843	0.064277	0.118096	0.036061	0.027358	0.036695	0.124914	0.047807	0.022696	0.005866	0.018644	0.025892	

//  A   R	N	D	C	Q	E	G	H	I	L	K	M	F	P	S	T	W	Y	V  
//  Ala Arg	Asn	Asp	Cys	Gln	Glu	Gly	His	Ile	Leu	Lys	Met	Phe	Pro	Ser	Thr	Trp	Tyr	Val