0.063622	
0.118948	0.528684	
0.065502	0.142677	12.092355	
2.010382	0.302352	1.127688	0.014546	
0.169022	2.026184	1.256016	0.417582	0.170493	
0.172876	0.453837	0.454428	1.882165	0.045799	4.705997	
5.254550	0.174422	0.364886	0.192790	0.891120	0.148450	0.195211	
0.090586	1.258840	5.523808	0.313487	0.211550	4.734918	0.466811	0.096529	
0.034911	0.065167	0.222440	0.023060	0.132230	0.122571	0.075521	0.003942	0.065261	
0.146425	0.219004	0.136129	0.028165	0.448432	0.795591	0.146014	0.016718	0.240024	2.387089	
0.041117	11.082325	0.783756	0.049843	0.039616	1.828161	0.649991	0.069199	0.271006	0.094864	0.140698	
0.599734	0.230551	0.595641	0.059404	0.699534	2.765355	0.391569	0.089210	0.206188	3.020110	2.806927	0.516762	
0.148889	0.145244	0.408811	0.089283	0.724422	0.260910	0.101509	0.101882	1.508086	0.693424	0.709933	0.061880	1.887041	
0.378131	0.225548	0.181924	0.038283	0.146379	0.511097	0.151769	0.166424	0.386101	0.186116	0.753595	0.182723	0.420131	0.341199	
8.340091	0.495564	3.010756	0.463573	5.601734	0.985082	0.415256	2.532014	0.720035	0.067860	0.121784	0.279698	0.626080	0.788724	0.890779	
1.932342	0.358779	1.069003	0.093122	2.028674	0.637861	0.597230	0.019551	0.211054	0.870341	0.381670	0.461083	2.131453	0.255120	0.604567	3.450887	
0.031419	0.378744	0.085588	0.008303	0.277628	0.277906	0.122038	0.055246	0.420382	0.021973	0.127345	0.027776	0.139098	3.077241	0.163299	0.177114	0.062650	
0.106283	0.366786	1.453278	0.404793	0.753053	0.475024	0.273992	0.055936	7.367304	0.094629	0.126746	0.148716	0.369726	5.251757	0.232549	0.676796	0.247828	2.910495	
1.104848	0.069287	0.110149	0.084224	1.280832	0.175361	0.342585	0.047507	0.038768	8.415916	1.577573	0.054532	1.537983	0.409619	0.309028	0.094413	1.483411	0.060147	0.076595	

0.134055	0.044392	0.020730	0.020801	0.021008	0.024509	0.028587	0.029069	0.028138	0.105826	0.117458	0.049732	0.026120	0.038984	0.016306	0.038369	0.055334	0.017276	0.039905	0.143398

//  A   R	N	D	C	Q	E	G	H	I	L	K	M	F	P	S	T	W	Y	V   
//  Ala Arg	Asn	Asp	Cys	Gln	Glu	Gly	His	Ile	Leu	Lys	Met	Phe	Pro	Ser	Thr	Trp	Tyr	Val