0.244982
0.239525	0.646535
0.237594	0.103192	3.704300
2.609326	0.716816	0.584167	0.107744
0.789810	2.088640	1.351606	0.372497	0.175114
0.769276	0.175037	0.369156	4.904102	0.034285	2.845335
2.102164	0.454923	1.494593	0.901858	0.723168	0.313651	0.393632
0.300174	2.116886	3.648086	0.655848	0.981709	4.091250	0.269998	0.266280
0.178143	0.135844	0.116531	0.030155	0.499348	0.083400	0.050339	0.027792	0.118785
0.254915	0.232568	0.065657	0.029013	0.621394	0.476270	0.062923	0.052575	0.341636	3.416427
0.355778	5.431484	1.320146	0.181770	0.055579	2.123088	0.823249	0.311746	0.396252	0.096009	0.088270
0.911350	0.517195	0.292146	0.067249	0.744977	1.222850	0.170607	0.173164	0.368846	3.603155	4.970144	0.404228
0.184786	0.070116	0.070726	0.030513	1.141446	0.043772	0.029422	0.092301	0.584390	0.924440	1.891086	0.026653	1.187981
1.367454	0.336099	0.259116	0.364504	0.202105	0.794799	0.403186	0.290664	0.538184	0.103904	0.233764	0.351702	0.165460	0.093320
3.774608	0.658615	3.257090	0.877236	2.869658	0.908826	0.485020	1.606988	0.764753	0.056397	0.136270	0.517389	0.318819	0.185486	1.347037
2.108220	0.482682	1.619333	0.311443	1.344645	0.946547	0.440266	0.220230	0.492357	0.865113	0.245024	0.788092	1.782662	0.145867	0.628303	4.798940
0.148543	0.367466	0.043898	0.024691	0.679363	0.085692	0.030209	0.133009	0.343086	0.098702	0.325327	0.047661	0.436587	1.552213	0.072606	0.160457	0.059712
0.146545	0.216940	0.297593	0.077433	1.450707	0.133088	0.059264	0.059192	5.041891	0.188417	0.239708	0.047445	0.289399	7.093027	0.082111	0.211087	0.153377	1.560962
2.321805	0.156115	0.102589	0.057865	1.846117	0.239459	0.225830	0.105759	0.200372	10.074633	1.329990	0.141768	1.618120	0.461361	0.302922	0.098284	1.733414	0.103473	0.104156

0.062147	0.046781	0.045443	0.051293	0.016147	0.043310	0.070087	0.045170	0.023306	0.061775	0.106429	0.078503	0.024355	0.043370	0.035360	0.078265	0.055388	0.011585	0.032764	0.068523

//  A   R	N	D	C	Q	E	G	H	I	L	K	M	F	P	S	T	W	Y	V 
//  Ala Arg	Asn	Asp	Cys	Gln	Glu	Gly	His	Ile	Leu	Lys	Met	Phe	Pro	Ser	Thr	Trp	Tyr	Val