124	0	92	50	12	40	39	71	13	21	22	29	23	61	10	17	4	7	6	78	49
2	97	0	98	93	95	98	99	96	94	92	95	94	99	90	93	88	91	90	100	83
6	0	85	0	30	63	65	88	56	53	60	67	36	86	41	57	38	55	54	89	66
11	0	12	37	0	40	47	71	18	21	32	41	19	58	2	8	9	14	15	81	50
5	2	3	2	63	0	65	83	30	53	31	59	46	83	37	46	42	48	34	77	4
23	1	6	7	0	222	0	86	56	58	59	64	51	85	51	52	37	49	52	87	61
3	0	1	2	2	2	51	0	75	80	78	84	63	96	68	64	66	77	73	97	74	
14	4	4	6	6	1	1	59	0	29	3	32	33	70	20	20	14	16	1	73	45
14	2	9	7	2	5	2	2	90	0	38	44	31	72	13	3	19	26	25	82	43
10	3	1	1	17	2	3	38	4	133	0	9	36	76	27	24	23	26	5	76	43
6	1	0	0	0	0	0	3	3	16	22	0	54	84	25	28	39	35	34	87	60
9	2	19	8	4	13	10	2	7	7	1	77	0	79	16	24	7	28	27	82	57
12	0	1	10	1	2	0	3	4	1	0	0	67	0	69	62	62	68	69  96	85
10	4	7	13	5	3	4	1	13	2	5	9	1	34	0	5	10	12	17	80	42
5	0	0	6	1	3	5	4	21	5	4	4	5	7	39	0	6	8	18	75	35
29	7	14	6	1	20	7	4	13	3	1	23	9	5	11	90	0	2	11	74	45
25	3	3	9	3	11	0	15	9	9	5	4	5	11	11	43	103	0	15	80	47
29	6	3	8	11	5	3	68	10	46	7	6	4	8	5	21	13	137	0	72	48
2	0	1	0	5	4	0	3	2	5	0	2	0	0	2	3	1	6	36	0	70
2	0	1	2	23	6	6	6	8	7	2	2	0	2	6	1	4	1	7	60	0

//  A   C   D   E   F   G   H   I   K   L   M   N   P   Q   R   S   T   V   W   Y   
//  Ala Cys Asp Glu Phe Gly His Ile Lys Leu Met Asn Pro Gln Arg Ser Thr Val Trp Tyr 
