8.719781
5.585465 9.329622
23.975169 7.062933 47.397546
13.314961 30.297102 5.500697 3.088543
8.303446 44.212182 8.266237 9.040329 3.044022
25.498079 16.677143 6.318330 68.350925 1.253590 28.725483
15.278558 33.587024 9.243613 74.420496 23.543077 6.121348 32.012733
6.394765 48.829220 25.800669 31.278940 3.070230 82.124746 8.445036 6.706215
4.467935 13.258626 7.631181 3.871636 6.151420 1.803331 1.456990 1.754129 2.613039
6.892808 20.955170 2.115145 3.037137 7.645982 11.880374 2.351585 2.650703 6.631847 16.481975
24.885280 44.555101 41.073620 23.572298 17.104972 33.273897 39.188045 22.955175 24.577718 19.994896 18.448120
5.672860 25.173629 3.062262 3.665864 6.417436 9.442174 3.799686 3.943725 5.552475 48.067569 18.381338 23.451798
3.607147 2.688686 3.776882 1.846717 29.287275 1.909697 1.364867 2.190452 4.826800 12.671756 43.369315 18.790220 7.324731
18.483207 17.121845 6.088353 5.498012 6.249849 31.149690 6.282459 6.366245 32.952145 2.625695 56.023442 26.079244 4.469299 2.408446
53.484227 29.620065 24.959470 10.770350 19.607373 11.448794 9.949876 42.277199 8.150087 13.553942 22.897856 27.741988 4.351273 35.492732 91.487852
49.012169 15.412502 16.118899 6.215300 8.578266 7.062349 6.574239 6.400821 6.986313 100.000000 5.651907 26.770509 44.171618 2.331483 22.986789 23.269426
7.261671 46.154810 5.156934 1.946750 26.261251 8.664420 3.428278 20.983391 4.673168 5.070810 17.973811 18.923450 11.205760 13.880373 3.627133 6.299904 5.465976
3.134581 3.498434 12.936748 33.775084 21.489542 5.016109 1.683243 1.811025 100.000000 4.195586 5.969066 20.073355 7.710862 21.220657 3.080860 9.192389 4.385268 22.461392
94.988755 4.679862 3.670739 6.753479 8.345127 2.913647 13.287719 24.210027 2.411928 36.207033 17.789434 19.479996 26.098450 17.836034 4.071095 4.745544 7.396688 7.074178 10.000000

0.021419 0.031273 0.058502 0.022616 0.033236 0.032816 0.029950 0.026475 0.022680 0.070591 0.103026 0.246833 0.019538 0.060212 0.014457 0.049169 0.046935 0.012025 0.042307 0.055939

//  A   R	N	D	C	Q	E	G	H	I	L	K	M	F	P	S	T	W	Y	V
//  Ala Arg	Asn	Asp	Cys	Gln	Glu	Gly	His	Ile	Leu	Lys	Met	Phe	Pro	Ser	Thr	Trp	Tyr	Val
