0.525094
0.558244 0.685378
18.350261 0.500916 59.649237
0.216110 9.565166 0.272403 0.233578
0.948977 48.066946 0.605260 0.002601 1.114635
28.577228 2.687751 0.274135 83.824949 0.864841 95.169348
11.952922 25.688950 0.736713 99.152414 16.665881 0.001345 28.357532
0.201034 50.998005 13.059903 71.524157 0.000377 100.000000 0.398385 0.336998
0.143600 7.855595 3.785470 0.156160 0.972690 1.013799 0.637637 0.026559 0.656747
0.078295 13.869845 0.179772 0.960612 0.000100 10.463255 0.339847 0.448404 3.369682 11.064472
1.466656 95.294121 88.778663 0.578280 2.652134 34.397968 74.597596 0.559541 0.000100 4.887094 0.458082
0.000250 28.861741 0.759739 1.045433 5.998168 0.899698 1.673283 0.149293 0.010592 85.846730 10.541605 18.450402
0.053701 0.204276 0.617583 0.640935 15.463758 0.215851 0.618198 0.441448 2.830541 3.065801 33.205537 0.579669 0.465908
7.095409 11.902447 0.230316 2.386264 0.283313 13.283382 0.655869 1.526335 48.421670 0.035372 24.336201 0.173025 1.276512 1.009595
65.649792 26.457316 25.592784 0.000100 5.293643 0.171862 0.786187 22.895125 0.888477 7.536691 14.403773 0.305928 0.714580 25.429421 59.926521
29.682781 36.435131 17.545967 0.709559 0.008629 0.125296 0.000166 0.138626 0.000571 85.244734 0.136455 25.959384 33.671020 0.276850 10.363210 9.085681
1.379070 87.935853 2.781985 0.127384 14.058898 0.003825 3.590200 8.623404 0.021937 2.418833 24.364282 0.000188 1.048375 0.638962 0.097703 3.590057 0.128929
0.273048 0.254282 13.036341 54.038361 8.192187 0.272346 0.000100 0.000100 100.000000 0.214169 0.542847 0.593274 0.000720 5.034430 0.172934 5.934824 0.997439 2.011288
75.900408 0.276150 0.743847 3.427133 0.672852 0.441258 12.362021 34.582530 1.904760 37.754366 16.376529 0.717997 23.993584 12.129729 2.565537 0.345353 0.254617 0.000271 10.000000

0.034092 0.033731 0.054740 0.028408 0.032108 0.037202 0.019382 0.042125 0.026898 0.085648 0.117133 0.034282 0.008927 0.124232 0.029385 0.083692 0.060202 0.006240 0.061643 0.079928

//  A   R	N	D	C	Q	E	G	H	I	L	K	M	F	P	S	T	W	Y	V
//  Ala Arg	Asn	Asp	Cys	Gln	Glu	Gly	His	Ile	Leu	Lys	Met	Phe	Pro	Ser	Thr	Trp	Tyr	Val
