0.000100
0.000100 3.336994
99.605256 0.001690 49.496076
0.000100 28.810170 0.022369 0.000112
0.000100 41.821252 0.000100 0.000100 0.000100
47.001348 0.002654 1.185711 87.023206 0.093807 3.204139
6.242568 28.171931 0.000100 29.554575 34.848346 0.000100 45.235394
0.504056 42.655786 13.147621 3.602973 0.003608 38.881673 0.028841 0.000100
1.597570 5.085995 5.909919 0.000100 0.000100 0.000100 0.000100 0.000100 0.000100
0.000100 4.650882 0.000100 0.000100 0.000100 13.533661 0.000100 0.000100 3.557556 10.145279
0.000100 83.955775 80.986776 0.000100 0.000100 71.753394 69.923987 0.000100 0.000100 4.451274 0.000100
0.014115 15.860529 0.256485 0.002262 0.003953 0.023387 0.005460 0.001975 0.046923 62.353316 21.173188 13.752563
0.000100 0.000100 0.000987 0.618665 34.486534 0.201038 0.000419 0.003675 0.000420 6.650344 51.883678 0.000100 0.000251
10.660762 5.027395 0.001952 3.788333 0.000175 12.055239 0.020121 0.000100 33.518617 0.000100 100.000000 1.714395 1.224133 8.979541
48.254702 13.716582 34.717290 0.000100 13.112504 0.000100 0.000100 90.683295 0.000100 5.107784 36.666842 0.000100 0.000100 35.210837 100.000000
87.545445 0.000100 28.999470 0.000100 0.000100 0.000100 0.000100 0.000100 2.084656 100.000000 0.000100 19.224555 40.223348 0.000100 45.296841 6.245516
4.945742 6.238523 6.000689 5.043727 7.504165 6.619528 7.340357 6.608321 7.191734 6.204941 5.019860 5.859367 8.017006 6.797832 8.340341 5.962826 4.968423
0.000100 2.306493 11.415572 9.512519 34.760705 1.710349 0.000100 0.000100 81.152909 0.000100 0.794729 0.000100 0.050416 3.950034 0.000100 2.626941 0.000100 6.161519
97.779750 0.000100 0.002651 0.000100 0.000100 0.000100 12.384275 5.520241 0.000100 84.469752 12.344059 0.000100 63.436529 24.497582 0.000100 1.443162 0.000100 6.173784 10.000000

0.036699 0.047634 0.047895 0.056617 0.039844 0.043231 0.026959 0.044248 0.037610 0.085681 0.130759 0.040123 0.023201 0.049090 0.012528 0.081935 0.064290 0.002390 0.067256 0.062009

//  A   R	N	D	C	Q	E	G	H	I	L	K	M	F	P	S	T	W	Y	V
//  Ala Arg	Asn	Asp	Cys	Gln	Glu	Gly	His	Ile	Leu	Lys	Met	Phe	Pro	Ser	Thr	Trp	Tyr	Val
