0.000100
2.048130 0.000107
12.703562 0.000100 35.729707
0.000100 17.262097 0.000100 2.640410
0.126530 23.209693 0.000100 0.000114 0.000100
17.690177 0.367407 4.366185 36.563637 0.000148 12.719249
5.595948 9.749761 0.000100 39.112364 7.448981 0.000100 18.147738
1.798833 17.765543 12.539354 5.900388 0.029136 35.968548 2.977141 0.000112
2.369742 0.000150 1.985759 0.000100 0.000151 0.000148 2.044807 0.000107 0.425442
0.000100 2.715521 0.000100 0.000100 0.000100 3.677365 0.000100 0.000100 17.391883 28.057192
0.000100 94.417578 29.651268 0.000100 0.000100 17.902263 8.857624 2.738887 0.618446 0.000100 0.000100
4.604486 8.288129 0.000424 0.099275 0.444427 0.405649 1.802866 0.000100 1.571958 46.736231 10.412313 0.000162
3.588671 0.000100 0.000100 0.000100 8.252198 0.000100 0.377120 0.000100 0.000100 7.829419 94.677772 0.000100 0.105933
1.357889 3.330966 0.000100 0.000100 0.000100 6.822521 0.000100 0.000100 100.000000 0.000100 9.641585 0.000100 0.000100 0.000100
42.720121 13.025971 25.823638 0.000100 7.851911 0.000100 0.000100 21.613141 7.666673 9.394354 8.983844 0.000100 0.000100 10.919460 29.501972
70.282523 0.000100 18.054310 0.000100 0.000100 0.000107 0.860396 0.000100 3.770045 99.606445 0.000100 0.000100 23.593750 0.000100 4.824459 12.073096
5.781449 5.244411 5.392624 6.317468 6.543780 7.257063 8.293855 4.983218 8.087774 4.408103 3.204319 7.577626 7.846431 3.780913 1.971283 3.082811 4.223979
0.008261 0.269545 2.729152 11.029326 25.309705 0.278767 0.222260 0.000100 31.044337 0.000135 0.000100 1.247914 0.000858 0.000100 0.000100 7.223405 0.000100 7.377233
91.104369 0.000100 0.000100 0.000100 1.586663 0.000100 6.620935 13.307752 0.000100 95.103997 16.985318 0.000100 25.216033 17.364703 0.000100 0.000100 0.926812 4.066098 10.000000

0.039380 0.061763 0.052193 0.038680 0.052828 0.032959 0.018976 0.055856 0.021213 0.056311 0.072528 0.027401 0.022463 0.074833 0.122671 0.083256 0.058558 0.004033 0.035358 0.068742

//  A   R	N	D	C	Q	E	G	H	I	L	K	M	F	P	S	T	W	Y	V
//  Ala Arg	Asn	Asp	Cys	Gln	Glu	Gly	His	Ile	Leu	Lys	Met	Phe	Pro	Ser	Thr	Trp	Tyr	Val
