1	0	0	0	0	0	-1	0	-1	0	0	-1	0	-1	0	0	0	0	-1	0
0	2	0	0	1	0	0	0	0	0	0	0	0	0	0	0	0	0	0	0
0	0	1	0	-5	0	0	0	0	-1	-1	1	0	-1	0	0	0	0	0	-1
0	0	0	1	-4	0	0	0	0	0	0	0	0	-1	0	0	0	0	0	0
0	1	-5	-4	2	-5	-5	0	-3	-4	-5	-4	-2	-4	-4	1	0	-2	-5	1
0	0	0	0	-5	2	-1	0	-1	0	0	0	-1	-1	0	-1	-1	0	0	-1
-1	0	0	0	-5	-1	2	0	-1	0	-1	0	0	-2	1	-1	0	0	0	0
0	0	0	0	0	0	0	1	0	0	0	-1	0	-1	0	0	0	0	0	0
-1	0	0	0	-3	-1	-1	0	2	0	0	-2	0	2	0	-1	0	0	2	0
0	0	-1	0	-4	0	0	0	0	3	0	0	1	0	0	0	0	0	0	0
0	0	-1	0	-5	0	-1	0	0	0	2	-2	0	0	0	-1	-1	0	0	0
-1	0	1	0	-4	0	0	-1	-2	0	-2	3	0	-3	0	-2	0	-1	-2	-2
0	0	0	0	-2	-1	0	0	0	1	0	0	2	0	0	0	0	0	-1	0
-1	0	-1	-1	-4	-1	-2	-1	2	0	0	-3	0	3	0	-2	0	0	2	-1
0	0	0	0	-4	0	1	0	0	0	0	0	0	0	1	0	0	0	-1	0
0	0	0	0	1	-1	-1	0	-1	0	-1	-2	0	-2	0	2	0	0	-2	0
0	0	0	0	0	-1	0	0	0	0	-1	0	0	0	0	0	0	0	0	0
0	0	0	0	-2	0	0	0	0	0	0	-1	0	0	0	0	0	1	0	0
-1	0	0	0	-5	0	0	0	2	0	0	-2	-1	2	-1	-2	0	0	2	-1
0	0	-1	0	1	-1	0	0	0	0	0	-2	0	-1	0	0	0	0	-1	1

//  A   R	N	D	C	Q	E	G	H	I	L	K	M	F	P	S	T	W	Y	V
//  Ala Arg	Asn	Asp	Cys	Gln	Glu	Gly	His	Ile	Leu	Lys	Met	Phe	Pro	Ser	Thr	Trp	Tyr	Val
