1	-1	-1	-1	0	-1	0	0	-1	-1	-1	-1	-1	-1	-1	-1	-1	-1	-1	0
-1	2	0	0	1	0	0	0	0	1	-2	0	0	0	0	0	0	0	0	0
-1	0	2	1	-6	0	0	0	0	-1	-2	0	-1	0	0	0	0	0	0	-2
-1	0	1	3	-5	0	1	0	0	-2	-1	1	0	0	0	0	0	0	0	-2
0	1	-6	-5	1	1	2	0	-2	-5	0	-6	1	-4	-4	-6	-6	-2	-5	2
-1	0	0	0	1	1	0	0	0	-1	-2	1	0	0	0	0	0	0	0	-2
0	0	0	1	2	0	2	0	0	-1	-1	0	0	0	0	0	0	1	0	0
0	0	0	0	0	0	0	0	0	-3	-2	-1	-1	0	0	0	0	0	0	-1
-1	0	0	0	-2	0	0	0	-3	-1	-1	-1	0	0	0	0	0	1	0	-1
-1	1	-1	-2	-5	-1	-1	-3	-1	2	0	-1	1	0	-1	0	1	-1	0	0
-1	-2	-2	-1	0	-2	-1	-2	-1	0	2	-4	1	1	0	-1	-1	-2	-1	0
-1	0	0	1	-6	1	0	-1	-1	-1	-4	3	0	-4	0	-2	-1	0	-3	-4
-1	0	-1	0	1	0	0	-1	0	1	1	0	3	0	0	0	0	0	-1	0
-1	0	0	0	-4	0	0	0	0	0	1	-4	0	0	0	0	0	0	0	0
-1	0	0	0	-4	0	0	0	0	-1	0	0	0	0	2	0	0	0	-1	0
-1	0	0	0	-6	0	0	0	0	0	-1	-2	0	0	0	0	0	0	0	-2
-1	0	0	0	-6	0	0	0	0	1	-1	-1	0	0	0	0	1	0	0	0
-1	0	0	0	-2	0	1	0	1	-1	-2	0	0	0	0	0	0	2	0	-1
-1	0	0	0	-5	0	0	0	0	0	-1	-3	-1	0	-1	0	0	0	1	-1
0	0	-2	-2	2	-2	0	-1	-1	0	0	-4	0	0	0	-2	0	-1	-1	3

//  A   R	N	D	C	Q	E	G	H	I	L	K	M	F	P	S	T	W	Y	V
//  Ala Arg	Asn	Asp	Cys	Gln	Glu	Gly	His	Ile	Leu	Lys	Met	Phe	Pro	Ser	Thr	Trp	Tyr	Val
